-0.00037307348821943723
-0.0003725119737240918
-0.0007204123055641521
-0.000367164777001325
-0.0005406886972659116
-0.000950205309403513
-0.0011851370789796177
-0.0010787468042744782
-0.0014338420136203623
-0.0012086135639473533
-0.0008896263029460537
-0.0006199478635140421
-0.0005112544457670394
-0.0006481230280891948
-0.0005749898457516426
-0.0005143130630038687
-0.0002751212420618828
-9.90736243555252e-05
0.0002807686144247699
0.0008239695656279374
0.001291054300953125
0.0026171744632917113
0.003924041092545924
0.005480734771029396
0.007424665298942492
0.00951440872737224
0.012235326956825634
0.015510486542842082
0.018795464363444037
0.022475233605124004
0.026328829882830244
0.03002134494562713
0.03386070185400556
0.037724029245690384
0.041304289276113716
0.04504760300307315
0.04889794227568366
0.05291739644849457
0.055919957953824595
0.05903844756642249
0.060480465062597966
0.06140523723793889
0.06108868430511215
0.059712681980190724
0.057082140090985965
0.052611697519517456
0.046536718300995865
0.03822620413049409
0.02776528938292966
0.015999211311764138
